1 CovLib-a-100   Act. Covariance lib 2225 103 2225 103  26 10  27  3   0 100   1
 3.958E-10 1.409E-09 1.239E-04 3.819E-04 6.415E-04 2.481E-03 8.629E-03 1.526E-02
 2.957E-02 4.934E-02 7.672E-02 1.098E-01 1.451E-01 1.821E-01 2.130E-01 2.380E-01
 2.584E-01 2.763E-01 2.907E-01 3.016E-01 2.970E-01 2.836E-01 2.352E-01 1.892E-01
 1.656E-01 0.000E+00
 73 -1 -1 -1 -1 -1 -1 -1 -1 -1 -1 -1 -1 -1 -1 -1 -1 -1 -1 -1 -1 -1 -1 -1 -1 -1
 -2
2 CovLib-a-100   Act. Covariance lib 2225 103 2225 103  21 10  22  3   0 100   1
 4.507E-01 5.000E-01 3.374E-01 1.557E-01 1.544E-01 1.508E-01 1.292E-01 1.030E-01
 9.172E-02 8.173E-02 7.257E-02 5.901E-02 4.453E-02 3.263E-02 2.969E-02 3.482E-02
 3.449E-02 2.948E-02 3.206E-02 4.827E-02 0.000E+00
 73 -1 -2 -1 -3 -1 -2 -2 -1 -1 -1 -1 -1 -1 -1 -1 -1 -1 -1 -1 -1 -2
3 CovLib-a-100   Act. Covariance lib 2225 103 2225 103 200 10 228  5   0 100   0
 2.031E-01 2.254E-01 1.502E-01 2.500E-01 1.667E-01 1.138E-01 8.084E-03 8.082E-03
 8.081E-03 8.017E-03 7.824E-03 6.641E-03 4.929E-03 4.020E-03 3.044E-03 2.163E-03
 1.373E-03 8.690E-04 5.490E-04 3.456E-04 1.667E-04-2.977E-05-1.689E-04-4.498E-05
 4.272E-04 2.425E-02 2.424E-02 2.405E-02 2.347E-02 1.992E-02 1.479E-02 1.206E-02
 9.133E-03 6.489E-03 4.118E-03 2.607E-03 1.647E-03 1.037E-03 5.000E-04-8.931E-05
-5.066E-04-1.349E-04 1.282E-03 2.424E-02 2.404E-02 6.490E-03 4.119E-03 2.609E-03
 1.650E-03 1.040E-03 5.035E-04-8.663E-05-5.067E-04-1.410E-04 1.267E-03 2.423E-02
 1.478E-02 4.120E-03 2.610E-03 1.041E-03 5.047E-04-8.574E-05-1.430E-04 1.262E-03
 2.385E-02 2.328E-02 1.977E-02 1.469E-02 1.200E-02 9.098E-03 6.478E-03 4.121E-03
 2.614E-03 1.651E-03 1.035E-03 4.940E-04-9.311E-05-5.064E-04-1.394E-04 1.258E-03
 2.273E-02 1.934E-02 1.442E-02 1.181E-02 8.995E-03 6.442E-03 4.126E-03 2.626E-03
 1.653E-03 1.016E-03 4.618E-04-1.152E-04-5.053E-04-1.287E-04 1.246E-03 1.670E-02
 1.288E-02 1.081E-02 8.541E-03 6.408E-03 4.311E-03 2.802E-03 1.691E-03 8.577E-04
 1.639E-04-3.428E-04-5.138E-04 6.770E-05 1.482E-03 1.060E-02 9.311E-03 7.833E-03
 6.307E-03 4.540E-03 3.034E-03 1.743E-03 6.412E-04-2.444E-04-6.514E-04-5.163E-04
 3.492E-04 1.813E-03 8.413E-03 7.337E-03 6.133E-03 4.566E-03 3.098E-03 1.755E-03
 5.521E-04-4.048E-04-7.605E-04-4.920E-04 4.791E-04 1.927E-03 6.679E-03 5.819E-03
 4.490E-03 3.103E-03 1.747E-03 4.806E-04-5.202E-04-8.220E-04-4.404E-04 5.973E-04
 1.983E-03 5.266E-03 4.203E-03 2.971E-03 1.696E-03 4.663E-04-5.054E-04-7.609E-04
-3.400E-04 6.598E-04 1.897E-03 3.482E-03 2.557E-03 1.550E-03 5.486E-04-2.518E-04
-4.658E-04-1.338E-04 6.362E-04 1.554E-03 1.983E-03 1.331E-03 6.656E-04 1.198E-04
-5.629E-05 1.146E-04 5.627E-04 1.106E-03 1.065E-03 7.810E-04 5.286E-04 3.941E-04
 3.791E-04 4.737E-04 6.270E-04 8.817E-04 9.282E-04 8.381E-04 6.396E-04 3.902E-04
 1.748E-04 1.213E-03 1.172E-03 8.508E-04 3.506E-04-1.454E-04 1.190E-03 9.250E-04
 4.594E-04-3.701E-05 8.693E-04 7.002E-04 4.808E-04 1.028E-03 1.349E-03 2.330E-03
 4672   -1   -2   -1   23   -2   -1   48   -1   -1   -1   -1   -1   -2   -2   -1
   -1   -1   -1   -1   -1   -1   -1   -1   -1   -1   -1   -1    2   -2   -1   -1
   -2   -2   -1   -1   -1   -1   -1   -1   -1   -1   -1   -1   -1   -1   -1    2
   -2   -1    7   -1   -1   -1   -1   -1   -1   -1   -1   -1   -1    2   -1    5
   -1    3   -1   -1    1   -1   -1   -1    1   -1   -1    2   -1   -2   -2   -1
   -1   -1   -1   -1   -1   -1   -1   -1   -1   -1   -1   -1    2   -2   -2   -1
   -1   -1   -1   -1   -1   -1   -1   -1   -1   -1   -1   -1   20   -2   -1   -1
   -1   -1   -1   -1   -1   -1   -1   -1   -1   -1   -1   18   -1   -1   -1   -1
   -1   -1   -1   -1   -1   -1   -1   -1   -1    2   -1   -1   -1   -1   -1   -1
   -1   -1   -1   -1   -1   -1    2   -1   -1   -1   -1   -1   -1   -1   -1   -1
   -1   -1    2   -1   -1   -1   -1   -1   -1   -1   -1   -1   -1    2   -1   -1
   -1   -1   -1   -1   -1   -1   -1    2   -1   -1   -1   -1   -1   -1   -1   -1
    2   -1   -1   -1   -1   -1   -1   -1    2   -1   -1   -1   -1   -1   -1    2
   -1   -1   -1   -1   -1    2   -1   -1   -1   -1    2   -1   -1   -1    2   -1
   -1    2   -1    5
1 CovLib-a-100   Act. Covariance lib 2525  16 2525  16   9 10  10  3   0 100   1
 1.893E-02 1.855E-01 4.430E-01 6.347E-01 7.019E-01 7.924E-01 8.447E-01 8.610E-01
 0.000E+00
 90 -1 -1 -1 -1 -1 -1 -1 -1 -2
2 CovLib-a-100   Act. Covariance lib 2525  16 2525  16   7 10   8  3   0 100   1
 9.492E-01 3.053E-01 1.726E-01 1.663E-01 1.661E-01 1.649E-01 0.000E+00
 90 -1 -1 -2 -1 -2 -1 -2
3 CovLib-a-100   Act. Covariance lib 2525  16 2525  16  17 10  24  5   0 100   0
 9.009E-01 2.658E-01 9.321E-02 2.101E-02 1.972E-02 1.936E-02 1.923E-02 2.980E-02
 2.797E-02 2.746E-02 2.727E-02 2.765E-02 2.755E-02 2.734E-02 2.758E-02 2.736E-02
 2.718E-02
 4995   -1   -1    8   -1   -2   -1   -2   -1    2   -2   -1   -2   -1    9   -1
   -2   -1    2   -2   -1    6   -1    5
1 CovLib-a-100   Act. Covariance lib 4731 102 4731 102  99 10  99  3   0 100   1
 5.857E+02 1.914E+02 1.134E+02 7.804E+01 5.961E+01 4.893E+01 4.110E+01 3.391E+01
 2.879E+01 2.524E+01 2.274E+01 2.160E+01 2.296E+01 3.059E+01 8.082E+01 3.241E+03
 3.434E+01 3.835E+00 9.894E-01 2.955E+00 7.864E+01 2.323E+01 4.254E+01 2.710E+01
 2.671E+00 1.917E+01 2.376E+00 1.158E+01 7.971E+00 9.900E+00 3.521E+00 3.262E+00
 5.486E+00 3.042E+00 1.402E+00 1.637E+00 2.527E+00 1.678E+00 1.475E+00 1.319E+00
 1.459E+00 1.352E+00 1.259E+00 1.176E+00 1.083E+00 9.908E-01 9.104E-01 8.236E-01
 7.372E-01 6.534E-01 4.452E-01 3.896E-01 3.501E-01 3.191E-01 2.907E-01 2.718E-01
 2.522E-01 2.329E-01 2.080E-01 1.793E-01 1.614E-01 1.543E-01 1.459E-01 1.362E-01
 1.290E-01 1.237E-01 1.093E-01 9.514E-02 9.010E-02 8.183E-02 7.304E-02 6.853E-02
 6.268E-02 5.807E-02 5.107E-02 4.448E-02 3.745E-02 3.124E-02 2.499E-02 1.927E-02
 1.489E-02 1.179E-02 8.899E-03 6.323E-03 4.509E-03 3.037E-03 2.014E-03 1.478E-03
 1.198E-03 1.088E-03 1.065E-03 1.057E-03 1.016E-03 9.135E-04 8.424E-04 6.564E-04
 4.963E-04 4.166E-04 0.000E+00
 -1 -1 -1 -1 -1 -1 -1 -1 -1 -1 -1 -1 -1 -1 -1 -1 -1 -1 -1 -1 -1 -1 -1 -1 -1 -1
 -1 -1 -1 -1 -1 -1 -1 -1 -1 -1 -1 -1 -1 -1 -1 -1 -1 -1 -1 -1 -1 -1 -1 -1 -1 -1
 -1 -1 -1 -1 -1 -1 -1 -1 -1 -1 -1 -1 -1 -1 -1 -1 -1 -1 -1 -1 -1 -1 -1 -1 -1 -1
 -1 -1 -1 -1 -1 -1 -1 -1 -1 -1 -1 -1 -1 -1 -1 -1 -1 -1 -1 -1 -2
2 CovLib-a-100   Act. Covariance lib 4731 102 4731 102  53 10  53  3   0 100   1
 1.300E-02 1.336E-02 3.300E-02 7.048E-02 1.361E-01 1.448E-01 1.464E-01 1.695E-01
 1.772E-01 1.869E-01 2.017E-01 2.078E-01 2.141E-01 2.179E-01 2.237E-01 2.266E-01
 2.335E-01 2.370E-01 2.507E-01 2.455E-01 2.426E-01 2.416E-01 2.397E-01 2.366E-01
 2.336E-01 2.292E-01 2.261E-01 2.212E-01 2.205E-01 2.325E-01 2.337E-01 2.333E-01
 2.361E-01 2.418E-01 2.479E-01 2.501E-01 2.498E-01 2.480E-01 2.489E-01 2.584E-01
 2.661E-01 2.790E-01 3.015E-01 3.299E-01 3.566E-01 3.836E-01 4.063E-01 4.264E-01
 4.544E-01 4.682E-01 4.817E-01 4.918E-01 0.000E+00
 -9 -1-28 -1 -5 -1 -2 -1 -1 -1 -1 -1 -1 -1 -1 -2 -1 -2 -2 -2 -1 -1 -1 -1 -1 -1
 -1 -1 -1 -1 -1 -1 -1 -1 -1 -1 -1 -2 -2 -1 -1 -1 -1 -1 -1 -1 -1 -1 -1 -1 -1 -1
 -2
3 CovLib-a-100   Act. Covariance lib 4731 102 4731 102 854 10 879  5  31 100   0
 1.690E-04 1.193E-04 1.784E-04 3.203E-04 1.589E-04 1.089E-03 5.401E-04 4.968E-03
 9.331E-03 9.918E-03 1.002E-02 1.156E-02 1.206E-02 1.270E-02 1.366E-02 1.404E-02
 1.445E-02 1.468E-02 1.505E-02 1.523E-02 1.566E-02 1.587E-02 1.664E-02 1.626E-02
 1.605E-02 1.598E-02 1.584E-02 1.561E-02 1.540E-02 1.510E-02 1.489E-02 1.456E-02
 1.450E-02 1.527E-02 1.532E-02 1.528E-02 1.543E-02 1.574E-02 1.605E-02 1.611E-02
 1.599E-02 1.578E-02 1.558E-02 1.617E-02 1.637E-02 1.665E-02 1.705E-02 1.757E-02
 1.803E-02 1.830E-02 1.847E-02 1.871E-02 1.921E-02 1.949E-02 1.979E-02 1.998E-02
 1.853E-02 1.969E-02 1.990E-02 2.294E-02 2.395E-02 2.521E-02 2.711E-02 2.787E-02
 2.868E-02 2.915E-02 2.988E-02 3.024E-02 3.109E-02 3.151E-02 3.304E-02 3.229E-02
 3.186E-02 3.173E-02 3.145E-02 3.099E-02 3.056E-02 2.997E-02 2.956E-02 2.890E-02
 2.879E-02 3.031E-02 3.042E-02 3.033E-02 3.063E-02 3.125E-02 3.187E-02 3.198E-02
 3.174E-02 3.133E-02 3.093E-02 3.211E-02 3.250E-02 3.306E-02 3.386E-02 3.488E-02
 3.579E-02 3.633E-02 3.667E-02 3.714E-02 3.814E-02 3.869E-02 3.929E-02 3.967E-02
 2.097E-02 2.120E-02 2.449E-02 2.557E-02 2.693E-02 2.899E-02 2.982E-02 3.069E-02
 3.120E-02 3.198E-02 3.238E-02 3.330E-02 3.376E-02 3.544E-02 3.464E-02 3.419E-02
 3.404E-02 3.375E-02 3.326E-02 3.281E-02 3.217E-02 3.173E-02 3.103E-02 3.092E-02
 3.255E-02 3.267E-02 3.258E-02 3.291E-02 3.357E-02 3.424E-02 3.437E-02 3.412E-02
 3.368E-02 3.326E-02 3.454E-02 3.497E-02 3.557E-02 3.643E-02 3.752E-02 3.850E-02
 3.906E-02 3.942E-02 3.993E-02 4.100E-02 4.160E-02 4.225E-02 4.266E-02 2.144E-02
 2.477E-02 2.587E-02 2.725E-02 2.933E-02 3.017E-02 3.106E-02 3.157E-02 3.237E-02
 3.277E-02 3.370E-02 3.417E-02 3.588E-02 3.507E-02 3.461E-02 3.447E-02 3.417E-02
 3.368E-02 3.322E-02 3.258E-02 3.212E-02 3.142E-02 3.130E-02 3.295E-02 3.308E-02
 3.298E-02 3.332E-02 3.400E-02 3.468E-02 3.480E-02 3.456E-02 3.411E-02 3.368E-02
 3.498E-02 3.541E-02 3.603E-02 3.690E-02 3.801E-02 3.899E-02 3.956E-02 3.992E-02
 4.043E-02 4.152E-02 4.212E-02 4.278E-02 4.321E-02 2.873E-02 3.003E-02 3.166E-02
 3.413E-02 3.513E-02 3.618E-02 3.680E-02 3.774E-02 3.822E-02 3.934E-02 3.990E-02
 4.198E-02 4.105E-02 4.051E-02 4.034E-02 3.999E-02 3.943E-02 3.890E-02 3.815E-02
 3.762E-02 3.679E-02 3.667E-02 3.861E-02 3.877E-02 3.866E-02 3.907E-02 3.987E-02
 4.068E-02 4.084E-02 4.055E-02 4.004E-02 3.956E-02 4.109E-02 4.160E-02 4.233E-02
 4.336E-02 4.466E-02 4.580E-02 4.646E-02 4.686E-02 4.748E-02 4.875E-02 4.947E-02
 5.027E-02 5.078E-02 3.140E-02 3.312E-02 3.572E-02 3.676E-02 3.787E-02 3.852E-02
 3.951E-02 4.001E-02 4.119E-02 4.178E-02 4.399E-02 4.301E-02 4.245E-02 4.227E-02
 4.191E-02 4.132E-02 4.077E-02 3.998E-02 3.943E-02 3.856E-02 3.843E-02 4.047E-02
 4.063E-02 4.053E-02 4.095E-02 4.180E-02 4.265E-02 4.282E-02 4.253E-02 4.199E-02
 4.149E-02 4.310E-02 4.363E-02 4.440E-02 4.548E-02 4.685E-02 4.804E-02 4.873E-02
 4.915E-02 4.980E-02 5.113E-02 5.189E-02 5.273E-02 5.327E-02 3.494E-02 3.770E-02
 3.881E-02 3.999E-02 4.067E-02 4.173E-02 4.226E-02 4.351E-02 4.414E-02 4.650E-02
 4.546E-02 4.488E-02 4.468E-02 4.430E-02 4.369E-02 4.311E-02 4.227E-02 4.169E-02
 4.077E-02 4.063E-02 4.279E-02 4.297E-02 4.286E-02 4.331E-02 4.422E-02 4.512E-02
 4.530E-02 4.499E-02 4.443E-02 4.390E-02 4.560E-02 4.617E-02 4.698E-02 4.814E-02
 4.958E-02 5.084E-02 5.156E-02 5.201E-02 5.270E-02 5.411E-02 5.492E-02 5.581E-02
 5.639E-02 4.070E-02 4.191E-02 4.319E-02 4.393E-02 4.509E-02 4.566E-02 4.703E-02
 4.772E-02 5.031E-02 4.918E-02 4.855E-02 4.834E-02 4.793E-02 4.727E-02 4.665E-02
 4.575E-02 4.511E-02 4.412E-02 4.397E-02 4.630E-02 4.651E-02 4.639E-02 4.688E-02
 4.787E-02 4.885E-02 4.905E-02 4.873E-02 4.811E-02 4.755E-02 4.938E-02 5.000E-02
 5.088E-02 5.214E-02 5.371E-02 5.508E-02 5.586E-02 5.634E-02 5.711E-02 5.864E-02
 5.952E-02 6.050E-02 6.113E-02 4.316E-02 4.449E-02 4.525E-02 4.644E-02 4.704E-02
 4.846E-02 4.917E-02 5.186E-02 5.070E-02 5.005E-02 4.984E-02 4.942E-02 4.874E-02
 4.810E-02 4.718E-02 4.652E-02 4.549E-02 4.535E-02 4.775E-02 4.796E-02 4.784E-02
 4.835E-02 4.937E-02 5.038E-02 5.060E-02 5.026E-02 4.963E-02 4.905E-02 5.093E-02
 5.156E-02 5.247E-02 5.377E-02 5.539E-02 5.680E-02 5.760E-02 5.810E-02 5.889E-02
 6.047E-02 6.138E-02 6.239E-02 6.305E-02 4.586E-02 4.666E-02 4.789E-02 4.850E-02
 4.997E-02 5.071E-02 5.350E-02 5.231E-02 5.165E-02 5.143E-02 5.099E-02 5.030E-02
 4.964E-02 4.869E-02 4.801E-02 4.695E-02 4.680E-02 4.928E-02 4.950E-02 4.938E-02
 4.991E-02 5.096E-02 5.201E-02 5.223E-02 5.188E-02 5.123E-02 5.064E-02 5.257E-02
 5.322E-02 5.416E-02 5.549E-02 5.716E-02 5.861E-02 5.944E-02 5.995E-02 6.077E-02
 6.240E-02 6.335E-02 6.440E-02 6.508E-02 4.747E-02 4.873E-02 4.935E-02 5.085E-02
 5.160E-02 5.446E-02 5.326E-02 5.258E-02 5.236E-02 5.192E-02 5.122E-02 5.054E-02
 4.957E-02 4.888E-02 4.781E-02 4.765E-02 5.018E-02 5.040E-02 5.028E-02 5.082E-02
 5.189E-02 5.296E-02 5.318E-02 5.283E-02 5.217E-02 5.157E-02 5.353E-02 5.419E-02
 5.514E-02 5.650E-02 5.819E-02 5.967E-02 6.052E-02 6.103E-02 6.186E-02 6.352E-02
 6.449E-02 6.556E-02 6.626E-02 5.003E-02 5.067E-02 5.222E-02 5.299E-02 5.595E-02
 5.471E-02 5.402E-02 5.380E-02 5.334E-02 5.263E-02 5.194E-02 5.094E-02 5.023E-02
 4.913E-02 4.897E-02 5.157E-02 5.180E-02 5.167E-02 5.222E-02 5.333E-02 5.443E-02
 5.466E-02 5.430E-02 5.362E-02 5.301E-02 5.501E-02 5.569E-02 5.667E-02 5.806E-02
 5.979E-02 6.130E-02 6.217E-02 6.269E-02 6.355E-02 6.525E-02 6.625E-02 6.736E-02
 6.809E-02 5.133E-02 5.290E-02 5.368E-02 5.669E-02 5.544E-02 5.475E-02 5.452E-02
 5.406E-02 5.333E-02 5.263E-02 5.163E-02 5.091E-02 4.979E-02 4.963E-02 5.227E-02
 5.250E-02 5.237E-02 5.293E-02 5.405E-02 5.516E-02 5.540E-02 5.504E-02 5.435E-02
 5.373E-02 5.576E-02 5.644E-02 5.743E-02 5.884E-02 6.059E-02 6.212E-02 6.299E-02
 6.352E-02 6.439E-02 6.612E-02 6.714E-02 6.826E-02 6.900E-02 5.453E-02 5.535E-02
 5.847E-02 5.719E-02 5.648E-02 5.625E-02 5.578E-02 5.503E-02 5.432E-02 5.328E-02
 5.254E-02 5.139E-02 5.122E-02 5.395E-02 5.418E-02 5.405E-02 5.463E-02 5.578E-02
 5.694E-02 5.719E-02 5.681E-02 5.611E-02 5.546E-02 5.754E-02 5.825E-02 5.925E-02
 6.070E-02 6.250E-02 6.407E-02 6.497E-02 6.551E-02 6.641E-02 6.819E-02 6.924E-02
 7.041E-02 7.119E-02 5.618E-02 5.936E-02 5.806E-02 5.735E-02 5.711E-02 5.664E-02
 5.588E-02 5.516E-02 5.411E-02 5.336E-02 5.219E-02 5.202E-02 5.479E-02 5.503E-02
 5.489E-02 5.548E-02 5.665E-02 5.782E-02 5.808E-02 5.770E-02 5.698E-02 5.633E-02
 5.844E-02 5.915E-02 6.017E-02 6.163E-02 6.345E-02 6.505E-02 6.596E-02 6.650E-02
 6.741E-02 6.922E-02 7.029E-02 7.149E-02 7.228E-02 6.286E-02 6.152E-02 6.078E-02
 6.053E-02 6.004E-02 5.925E-02 5.849E-02 5.738E-02 5.660E-02 5.536E-02 5.519E-02
 5.813E-02 5.839E-02 5.825E-02 5.887E-02 6.012E-02 6.137E-02 6.165E-02 6.126E-02
 6.051E-02 5.985E-02 6.209E-02 6.285E-02 6.393E-02 6.547E-02 6.735E-02 6.900E-02
 6.992E-02 7.047E-02 7.142E-02 7.332E-02 7.446E-02 7.575E-02 7.660E-02 6.025E-02
 5.953E-02 5.929E-02 5.881E-02 5.804E-02 5.730E-02 5.621E-02 5.545E-02 5.424E-02
 5.407E-02 5.696E-02 5.721E-02 5.707E-02 5.768E-02 5.890E-02 6.013E-02 6.040E-02
 6.001E-02 5.928E-02 5.865E-02 6.087E-02 6.162E-02 6.267E-02 6.415E-02 6.596E-02
 6.754E-02 6.842E-02 6.894E-02 6.983E-02 7.167E-02 7.279E-02 7.405E-02 7.489E-02
 5.885E-02 5.861E-02 5.813E-02 5.738E-02 5.665E-02 5.558E-02 5.483E-02 5.363E-02
 5.346E-02 5.632E-02 5.656E-02 5.642E-02 5.702E-02 5.822E-02 5.943E-02 5.970E-02
 5.932E-02 5.860E-02 5.797E-02 6.014E-02 6.088E-02 6.190E-02 6.334E-02 6.511E-02
 6.667E-02 6.753E-02 6.804E-02 6.892E-02 7.073E-02 7.184E-02 7.309E-02 7.393E-02
 5.837E-02 5.790E-02 5.715E-02 5.642E-02 5.536E-02 5.461E-02 5.342E-02 5.325E-02
 5.610E-02 5.634E-02 5.620E-02 5.679E-02 5.798E-02 5.920E-02 5.946E-02 5.908E-02
 5.836E-02 5.774E-02 5.989E-02 6.062E-02 6.164E-02 6.307E-02 6.483E-02 6.638E-02
 6.724E-02 6.774E-02 6.862E-02 7.042E-02 7.153E-02 7.278E-02 7.362E-02 5.744E-02
 5.670E-02 5.597E-02 5.492E-02 5.418E-02 5.300E-02 5.283E-02 5.566E-02 5.589E-02
 5.575E-02 5.634E-02 5.752E-02 5.872E-02 5.898E-02 5.861E-02 5.789E-02 5.728E-02
 5.939E-02 6.011E-02 6.112E-02 6.253E-02 6.427E-02 6.580E-02 6.665E-02 6.715E-02
 6.802E-02 6.981E-02 7.091E-02 7.216E-02 7.299E-02 5.597E-02 5.526E-02 5.422E-02
 5.349E-02 5.232E-02 5.215E-02 5.495E-02 5.518E-02 5.504E-02 5.562E-02 5.679E-02
 5.797E-02 5.824E-02 5.787E-02 5.716E-02 5.656E-02 5.865E-02 5.936E-02 6.035E-02
 6.174E-02 6.346E-02 6.497E-02 6.581E-02 6.630E-02 6.715E-02 6.892E-02 7.001E-02
 7.124E-02 7.206E-02 5.456E-02 5.354E-02 5.281E-02 5.166E-02 5.150E-02 5.425E-02
 5.448E-02 5.434E-02 5.492E-02 5.607E-02 5.724E-02 5.750E-02 5.714E-02 5.645E-02
 5.585E-02 5.791E-02 5.861E-02 5.959E-02 6.096E-02 6.265E-02 6.414E-02 6.496E-02
 6.545E-02 6.630E-02 6.804E-02 6.911E-02 7.033E-02 7.115E-02
   -9   -1  854   -1  -28   -1   61  -28   -1 2113   -1   -5   -1   -2   -1   -1
   -1   -1   -1   -1   -1   -1   -2   -1   -2   -2   -2   -1   -1   -1   -1   -1
   -1   -1   -1   -1   -1   -1   -1   -1   -1   -1   -1   -1   -2   -2   -1   -1
   -1   -1   -1   -1   -1   -1   -1   -1   -1   -1   -1    2   -5   -1   -2   -1
   -1   -1   -1   -1   -1   -1   -1   -2   -1   -2   -2   -2   -1   -1   -1   -1
   -1   -1   -1   -1   -1   -1   -1   -1   -1   -1   -1   -1   -1   -2   -2   -1
   -1   -1   -1   -1   -1   -1   -1   -1   -1   -1   -1   -1  236   -1   -2   -1
   -1   -1   -1   -1   -1   -1   -1   -2   -1   -2   -2   -2   -1   -1   -1   -1
   -1   -1   -1   -1   -1   -1   -1   -1   -1   -1   -1   -1   -1   -2   -2   -1
   -1   -1   -1   -1   -1   -1   -1   -1   -1   -1   -1   -1    2   -2   -1   -1
   -1   -1   -1   -1   -1   -1   -2   -1   -2   -2   -2   -1   -1   -1   -1   -1
   -1   -1   -1   -1   -1   -1   -1   -1   -1   -1   -1   -1   -2   -2   -1   -1
   -1   -1   -1   -1   -1   -1   -1   -1   -1   -1   -1   56   -1   -1   -1   -1
   -1   -1   -1   -1   -2   -1   -2   -2   -2   -1   -1   -1   -1   -1   -1   -1
   -1   -1   -1   -1   -1   -1   -1   -1   -1   -1   -2   -2   -1   -1   -1   -1
   -1   -1   -1   -1   -1   -1   -1   -1   -1    2   -1   -1   -1   -1   -1   -1
   -1   -2   -1   -2   -2   -2   -1   -1   -1   -1   -1   -1   -1   -1   -1   -1
   -1   -1   -1   -1   -1   -1   -1   -2   -2   -1   -1   -1   -1   -1   -1   -1
   -1   -1   -1   -1   -1   -1    2   -1   -1   -1   -1   -1   -1   -2   -1   -2
   -2   -2   -1   -1   -1   -1   -1   -1   -1   -1   -1   -1   -1   -1   -1   -1
   -1   -1   -1   -2   -2   -1   -1   -1   -1   -1   -1   -1   -1   -1   -1   -1
   -1   -1    2   -1   -1   -1   -1   -1   -2   -1   -2   -2   -2   -1   -1   -1
   -1   -1   -1   -1   -1   -1   -1   -1   -1   -1   -1   -1   -1   -1   -2   -2
   -1   -1   -1   -1   -1   -1   -1   -1   -1   -1   -1   -1   -1    2   -1   -1
   -1   -1   -2   -1   -2   -2   -2   -1   -1   -1   -1   -1   -1   -1   -1   -1
   -1   -1   -1   -1   -1   -1   -1   -1   -2   -2   -1   -1   -1   -1   -1   -1
   -1   -1   -1   -1   -1   -1   -1    2   -1   -1   -1   -2   -1   -2   -2   -2
   -1   -1   -1   -1   -1   -1   -1   -1   -1   -1   -1   -1   -1   -1   -1   -1
   -1   -2   -2   -1   -1   -1   -1   -1   -1   -1   -1   -1   -1   -1   -1   -1
    2   -1   -1   -2   -1   -2   -2   -2   -1   -1   -1   -1   -1   -1   -1   -1
   -1   -1   -1   -1   -1   -1   -1   -1   -1   -2   -2   -1   -1   -1   -1   -1
   -1   -1   -1   -1   -1   -1   -1   -1    2   -1   -2   -1   -2   -2   -2   -1
   -1   -1   -1   -1   -1   -1   -1   -1   -1   -1   -1   -1   -1   -1   -1   -1
   -2   -2   -1   -1   -1   -1   -1   -1   -1   -1   -1   -1   -1   -1   -1    2
   -2   -1   -2   -2   -2   -1   -1   -1   -1   -1   -1   -1   -1   -1   -1   -1
   -1   -1   -1   -1   -1   -1   -2   -2   -1   -1   -1   -1   -1   -1   -1   -1
   -1   -1   -1   -1   -1   46   -1   -2   -2   -2   -1   -1   -1   -1   -1   -1
   -1   -1   -1   -1   -1   -1   -1   -1   -1   -1   -1   -2   -2   -1   -1   -1
   -1   -1   -1   -1   -1   -1   -1   -1   -1   -1    2   -2   -2   -2   -1   -1
   -1   -1   -1   -1   -1   -1   -1   -1   -1   -1   -1   -1   -1   -1   -1   -2
   -2   -1   -1   -1   -1   -1   -1   -1   -1   -1   -1   -1   -1   -1   43   -2
   -2   -1   -1   -1   -1   -1   -1   -1   -1   -1   -1   -1   -1   -1   -1   -1
   -1   -1   -2   -2   -1   -1   -1   -1   -1   -1   -1   -1   -1   -1   -1   -1
   -1   41   -2   -1   -1   -1   -1   -1   -1   -1   -1   -1   -1   -1   -1   -1
   -1   -1   -1   -1   -2   -2   -1   -1   -1   -1   -1   -1   -1   -1   -1   -1
   -1   -1   -1   39   -1   -1   -1   -1   -1   -1   -1   -1   -1   -1   -1   -1
   -1   -1   -1   -1   -1   -2   -2   -1   -1   -1   -1   -1   -1   -1   -1   -1
   -1   -1   -1   -1    2   -1   -1   -1   -1   -1   -1   -1   -1   -1   -1   -1
   -1   -1   -1   -1   -1   -2   -2   -1   -1   -1   -1   -1   -1   -1   -1   -1
   -1   -1   -1   -1    2   -1   -1   -1   -1   -1   -1   -1   -1   -1   -1   -1
   -1   -1   -1   -1   -2   -2   -1   -1   -1   -1   -1   -1   -1   -1   -1   -1
   -1   -1   -1    2   -1   -1   -1   -1   -1   -1   -1   -1   -1   -1   -1   -1
   -1   -1   -2   -2   -1   -1   -1   -1   -1   -1   -1   -1   -1   -1   -1   -1
   -1    2   -1   -1   -1   -1   -1   -1   -1   -1   -1   -1   -1   -1   -1   -2
   -2   -1   -1   -1   -1   -1   -1   -1   -1   -1   -1   -1   -1   -1    2
3 ---------------------------------- 4731 102 4731 102 373 10 404  5   0 100   0
 5.254E-02 5.182E-02 5.070E-02 5.053E-02 5.324E-02 5.346E-02 5.332E-02 5.388E-02
 5.501E-02 5.616E-02 5.642E-02 5.607E-02 5.538E-02 5.479E-02 5.680E-02 5.748E-02
 5.844E-02 5.978E-02 6.144E-02 6.290E-02 6.371E-02 6.419E-02 6.502E-02 6.674E-02
 6.779E-02 6.899E-02 6.979E-02 5.113E-02 5.001E-02 4.985E-02 5.252E-02 5.274E-02
 5.260E-02 5.316E-02 5.427E-02 5.540E-02 5.566E-02 5.531E-02 5.463E-02 5.406E-02
 5.604E-02 5.671E-02 5.765E-02 5.897E-02 6.060E-02 6.203E-02 6.283E-02 6.330E-02
 6.411E-02 6.579E-02 6.683E-02 6.802E-02 6.881E-02 4.893E-02 4.877E-02 5.138E-02
 5.160E-02 5.146E-02 5.201E-02 5.310E-02 5.421E-02 5.446E-02 5.412E-02 5.346E-02
 5.290E-02 5.483E-02 5.549E-02 5.642E-02 5.771E-02 5.930E-02 6.070E-02 6.148E-02
 6.193E-02 6.272E-02 6.437E-02 6.538E-02 6.653E-02 6.731E-02 4.862E-02 5.124E-02
 5.146E-02 5.133E-02 5.188E-02 5.298E-02 5.411E-02 5.437E-02 5.405E-02 5.340E-02
 5.287E-02 5.480E-02 5.646E-02 5.781E-02 5.945E-02 6.084E-02 6.159E-02 6.203E-02
 6.280E-02 6.441E-02 6.540E-02 6.728E-02 5.404E-02 5.430E-02 5.419E-02 5.479E-02
 5.600E-02 5.723E-02 5.755E-02 5.724E-02 5.659E-02 5.612E-02 5.815E-02 5.896E-02
 6.011E-02 6.174E-02 6.358E-02 6.502E-02 6.576E-02 6.614E-02 6.692E-02 6.852E-02
 6.950E-02 7.062E-02 7.133E-02 5.460E-02 5.451E-02 5.513E-02 5.638E-02 5.766E-02
 5.802E-02 5.774E-02 5.712E-02 5.671E-02 5.876E-02 5.965E-02 6.092E-02 6.274E-02
 6.471E-02 6.615E-02 6.687E-02 6.720E-02 6.796E-02 6.949E-02 7.042E-02 7.148E-02
 7.213E-02 5.444E-02 5.507E-02 5.635E-02 5.804E-02 5.778E-02 5.718E-02 5.681E-02
 5.886E-02 5.980E-02 6.116E-02 6.310E-02 6.516E-02 6.659E-02 6.728E-02 6.757E-02
 6.832E-02 6.980E-02 7.068E-02 7.169E-02 7.230E-02 5.573E-02 5.705E-02 5.840E-02
 5.882E-02 5.858E-02 5.799E-02 5.767E-02 5.974E-02 6.074E-02 6.220E-02 6.430E-02
 6.647E-02 6.791E-02 6.858E-02 6.884E-02 6.959E-02 7.102E-02 7.187E-02 7.285E-02
 7.342E-02 5.847E-02 5.990E-02 6.038E-02 6.018E-02 5.961E-02 5.939E-02 6.149E-02
 6.262E-02 6.428E-02 6.669E-02 6.908E-02 7.055E-02 7.119E-02 7.138E-02 7.211E-02
 7.347E-02 7.426E-02 7.517E-02 7.566E-02 6.144E-02 6.197E-02 6.182E-02 6.128E-02
 6.115E-02 6.327E-02 6.454E-02 6.640E-02 6.911E-02 7.173E-02 7.322E-02 7.383E-02
 7.394E-02 7.465E-02 7.593E-02 7.665E-02 7.750E-02 7.790E-02 6.256E-02 6.245E-02
 6.195E-02 6.191E-02 6.402E-02 6.540E-02 6.742E-02 7.040E-02 7.319E-02 7.468E-02
 7.524E-02 7.528E-02 7.597E-02 7.716E-02 7.781E-02 7.857E-02 7.889E-02 6.239E-02
 6.192E-02 6.196E-02 6.404E-02 6.551E-02 6.766E-02 7.085E-02 7.378E-02 7.526E-02
 7.578E-02 7.575E-02 7.642E-02 7.750E-02 7.808E-02 7.876E-02 7.900E-02 6.150E-02
 6.161E-02 6.365E-02 6.518E-02 6.745E-02 7.080E-02 7.384E-02 7.529E-02 7.570E-02
 7.633E-02 7.732E-02 7.783E-02 7.844E-02 7.860E-02 6.194E-02 6.396E-02 6.568E-02
 6.825E-02 7.206E-02 7.542E-02 7.688E-02 7.731E-02 7.711E-02 7.768E-02 7.848E-02
 7.884E-02 7.930E-02 7.931E-02 6.675E-02 6.862E-02 7.133E-02 7.525E-02 7.880E-02
 8.047E-02 8.106E-02 8.167E-02 8.262E-02 8.305E-02 8.355E-02 8.361E-02 7.079E-02
 7.395E-02 7.855E-02 8.279E-02 8.485E-02 8.570E-02 8.583E-02 8.655E-02 8.756E-02
 8.795E-02 8.838E-02 8.834E-02 7.781E-02 8.349E-02 8.891E-02 9.169E-02 9.304E-02
 9.346E-02 9.443E-02 9.559E-02 9.596E-02 9.633E-02 9.617E-02 9.092E-02 9.828E-02
 1.023E-01 1.047E-01 1.056E-01 1.071E-01 1.086E-01 1.090E-01 1.093E-01 1.090E-01
 1.089E-01 1.161E-01 1.210E-01 1.239E-01 1.269E-01 1.301E-01 1.313E-01 1.322E-01
 1.323E-01 1.272E-01 1.356E-01 1.411E-01 1.460E-01 1.518E-01 1.542E-01 1.563E-01
 1.573E-01 1.471E-01 1.551E-01 1.616E-01 1.698E-01 1.733E-01 1.765E-01 1.784E-01
 1.651E-01 1.729E-01 1.830E-01 1.875E-01 1.916E-01 1.941E-01 1.818E-01 1.932E-01
 1.983E-01 2.030E-01 2.061E-01 2.065E-01 2.126E-01 2.182E-01 2.221E-01 2.192E-01
 2.254E-01 2.296E-01 2.321E-01 2.368E-01 2.418E-01
   -1   -1   -1   -1   -1   -1   -1   -1   -1   -1   -1   -1   -2   -2   -1   -1
   -1   -1   -1   -1   -1   -1   -1   -1   -1   -1   -1    2   -1   -1   -1   -1
   -1   -1   -1   -1   -1   -1   -1   -2   -2   -1   -1   -1   -1   -1   -1   -1
   -1   -1   -1   -1   -1   -1    2   -1   -1   -1   -1   -1   -1   -1   -1   -1
   -1   -2   -2   -1   -1   -1   -1   -1   -1   -1   -1   -1   -1   -1   -1   -1
    2   -1   -1   -1   -1   -1   -1   -1   -1   -1   -2   -2   -1    1   -1   -1
   -1   -1   -1   -1   -1   -1   -1    1   -1    2   -1   -1   -1   -1   -1   -1
   -1   -1   -2   -2   -1   -1   -1   -1   -1   -1   -1   -1   -1   -1   -1   -1
   -1    2   -1   -1   -1   -1   -1   -1   -1   -2   -2   -1   -1   -1   -1   -1
   -1   -1   -1   -1   -1   -1   -1   -1    2   -1   -1   -1    1   -1   -1   -2
   -2   -1   -1   -1   -1   -1   -1   -1   -1   -1   -1   -1   -1   -1    2   -1
   -1   -1   -1   -1   -2   -2   -1   -1   -1   -1   -1   -1   -1   -1   -1   -1
   -1   -1   -1    2   -1   -1   -1   -1   -2   -2   -1   -1   -1   -1   -1   -1
   -1   -1   -1   -1   -1   -1   -1    2   -1   -1   -1   -2   -2   -1   -1   -1
   -1   -1   -1   -1   -1   -1   -1   -1   -1   -1    2   -1   -1   -2   -2   -1
   -1   -1   -1   -1   -1   -1   -1   -1   -1   -1   -1   -1    2   -1   -2   -2
   -1   -1   -1   -1   -1   -1   -1   -1   -1   -1   -1   -1   -1    2   -2   -2
   -1   -1   -1   -1   -1   -1    1   -1   -1   -1   -1   -1   -1   20   -2   -1
   -1   -1   -1   -1   -1   -1   -1   -1   -1   -1   -1   -1   18   -1   -1   -1
   -1   -1   -1   -2   -1   -1   -1   -1   -1    2   -1   -1   -1   -1   -1   -1
   -1   -1   -1   -1   -1   -1    2   -1   -1   -1   -1   -1   -1   -1   -1   -1
   -1   -1    2   -1   -1   -1   -1   -1   -1   -1   -1   -1   -1    2   -1   -1
   -1   -1   -1   -1   -1   -1   -1    2   -1   -1   -1   -1   -1   -1   -1   -1
    2   -1   -1   -1   -1   -1   -1   -1    2   -1   -1   -1   -1   -1   -1    2
   -1   -1   -1   -1   -1    2   -1   -1   -1   -1    2   -1   -1   -1    2   -1
   -1    2   -1    5
1 CovLib-a-100   Act. Covariance lib 7925 102 7925 102  99 10  99  3   0 100   1
 6.405E+02 2.093E+02 1.240E+02 8.534E+01 6.521E+01 5.352E+01 4.499E+01 3.713E+01
 3.155E+01 2.771E+01 2.504E+01 2.395E+01 2.588E+01 3.601E+01 1.237E+02 3.422E+03
 2.359E+01 3.440E+00 9.319E-01 4.115E-01 3.359E-01 7.768E+01 1.027E+01 6.113E+00
 2.530E+01 5.988E+00 1.555E+01 1.913E+01 1.315E+01 1.065E+01 1.604E+01 9.514E+00
 7.867E+00 6.690E+00 4.140E+00 3.280E+00 2.807E+00 2.419E+00 2.024E+00 1.774E+00
 1.417E+00 1.113E+00 9.759E-01 8.253E-01 6.739E-01 5.994E-01 5.305E-01 4.598E-01
 4.112E-01 3.582E-01 3.184E-01 2.956E-01 2.789E-01 2.671E-01 2.552E-01 2.425E-01
 2.262E-01 1.936E-01 1.833E-01 1.663E-01 1.540E-01 1.414E-01 1.291E-01 1.178E-01
 1.041E-01 9.719E-02 9.399E-02 8.870E-02 8.488E-02 8.513E-02 7.822E-02 7.306E-02
 6.965E-02 6.420E-02 5.665E-02 4.653E-02 3.573E-02 2.788E-02 2.314E-02 1.734E-02
 1.310E-02 1.066E-02 8.473E-03 6.767E-03 5.455E-03 3.936E-03 2.206E-03 9.206E-04
 9.622E-04 1.229E-03 1.549E-03 1.775E-03 1.798E-03 1.444E-03 1.220E-03 7.661E-04
 4.316E-04 3.145E-04 0.000E+00
 -1 -1 -1 -1 -1 -1 -1 -1 -1 -1 -1 -1 -1 -1 -1 -1 -1 -1 -1 -1 -1 -1 -1 -1 -1 -1
 -1 -1 -1 -1 -1 -1 -1 -1 -1 -1 -1 -1 -1 -1 -1 -1 -1 -1 -1 -1 -1 -1 -1 -1 -1 -1
 -1 -1 -1 -1 -1 -1 -1 -1 -1 -1 -1 -1 -1 -1 -1 -1 -1 -1 -1 -1 -1 -1 -1 -1 -1 -1
 -1 -1 -1 -1 -1 -1 -1 -1 -1 -1 -1 -1 -1 -1 -1 -1 -1 -1 -1 -1 -2
2 CovLib-a-100   Act. Covariance lib 7925 102 7925 102  98 10  98  3   0 100   1
 1.931E-02 1.602E-02 5.989E-03 5.116E-03 1.112E-02 1.301E-02 1.377E-02 1.485E-02
 1.586E-02 1.568E-02 1.478E-02 1.435E-02 1.451E-02 1.404E-02 1.309E-02 1.452E-02
 1.406E-02 1.549E-02 2.329E-02 4.890E-02 5.714E-02 5.835E-02 3.745E-02 8.829E-02
 1.036E-01 6.687E-02 5.026E-02 8.893E-02 8.482E-02 9.940E-02 1.292E-01 1.700E-01
 1.767E-01 2.009E-01 1.784E-01 7.744E-02 1.171E-02 5.537E-03 5.269E-03 5.320E-03
 5.246E-03 5.466E-03 5.227E-03 5.172E-03 5.033E-03 4.960E-03 5.148E-03 5.070E-03
 4.985E-03 7.671E-03 8.343E-03 8.609E-03 1.067E-02 8.729E-03 9.025E-03 9.606E-03
 9.285E-03 8.698E-03 8.350E-03 8.751E-03 8.546E-03 9.289E-03 1.115E-02 1.023E-02
 1.010E-02 1.158E-02 9.804E-03 1.477E-02 1.603E-02 1.058E-02 1.183E-02 1.313E-02
 1.465E-02 1.525E-02 1.549E-02 1.772E-02 1.786E-02 1.606E-02 2.114E-02 2.633E-02
 3.066E-02 3.897E-02 5.239E-02 5.665E-02 7.094E-02 9.401E-02 1.119E-01 1.231E-01
 1.253E-01 1.183E-01 1.127E-01 9.427E-02 6.889E-02 5.647E-02 7.312E-02 9.491E-02
 1.130E-01 0.000E+00
 -1 -1 -1 -1 -1 -1 -1 -1 -1 -1 -1 -1 -1 -1 -1 -1 -1 -1 -1 -1 -1 -1 -1 -1 -1 -1
 -1 -1 -1 -1 -1 -1 -1 -2 -1 -1 -1 -1 -1 -1 -1 -1 -1 -1 -1 -1 -1 -1 -1 -1 -1 -1
 -1 -1 -1 -1 -1 -1 -1 -1 -1 -1 -1 -1 -1 -1 -1 -1 -1 -1 -1 -1 -1 -1 -1 -1 -1 -1
 -1 -1 -1 -1 -1 -1 -1 -1 -1 -1 -1 -1 -1 -1 -1 -1 -1 -1 -1 -2
3 CovLib-a-100   Act. Covariance lib 7925 102 7925 102 803 10 856  5  51 100   0
 3.728E-04 1.253E-04 1.276E-06 2.535E-05 6.399E-05 9.183E-05 1.069E-04 1.176E-04
 1.211E-04 1.190E-04 1.146E-04 1.106E-04 1.112E-04 1.170E-04 1.285E-04 1.525E-04
 1.408E-04 1.309E-04 1.151E-04 1.344E-04 2.635E-04 1.971E-06 4.082E-08 4.162E-08
 4.472E-08 4.722E-08 4.709E-08 4.722E-08 4.735E-08 4.734E-08 4.727E-08 4.684E-08
 6.099E-08 5.966E-08 4.735E-08 4.754E-08 4.736E-08 4.246E-08 4.016E-08 4.312E-08
 3.149E-08 3.693E-08 3.770E-08 3.523E-08 3.362E-08 3.069E-08 2.843E-08 3.195E-08
 3.296E-08 3.541E-08 3.562E-08 1.698E-08 1.008E-08-4.256E-09-1.208E-08 1.639E-08
 1.840E-08 1.792E-08 2.159E-08 1.796E-08 1.832E-08 1.996E-08 1.877E-08 1.838E-08
 2.160E-08 2.566E-04 5.439E-05-3.709E-06 4.979E-06 3.302E-05 5.652E-05 8.110E-05
 9.757E-05 1.000E-04 9.276E-05 7.820E-05 7.103E-05 7.097E-05 8.318E-05 1.071E-04
 1.038E-04 9.347E-05 7.534E-05 9.563E-05 1.839E-04 3.587E-05-1.924E-05-4.434E-05
-3.944E-05-2.552E-05-4.053E-06 1.606E-05 2.329E-05 1.971E-05 5.291E-06-4.461E-06
-9.857E-06-4.275E-06 6.102E-06 1.219E-05 7.706E-06-1.935E-06 7.376E-06 8.538E-06
 2.617E-05 5.470E-05 5.761E-05 5.015E-05 3.526E-05 1.895E-05 1.113E-05 1.084E-05
 1.886E-05 2.537E-05 3.005E-05 2.822E-05 2.481E-05 1.863E-05 1.967E-05 2.355E-05
 2.078E-05 4.129E-05 1.237E-04 1.381E-04 1.277E-04 1.004E-04 6.649E-05 4.685E-05
 4.022E-05 4.914E-05 5.899E-05 6.758E-05 6.701E-05 6.517E-05 5.323E-05 5.230E-05
 5.529E-05 5.479E-05 1.097E-04 1.693E-04 1.720E-04 1.573E-04 1.292E-04 1.055E-04
 8.684E-05 7.732E-05 7.731E-05 8.162E-05 8.764E-05 9.792E-05 8.879E-05 8.120E-05
 7.256E-05 8.396E-05 1.641E-04 1.895E-04 1.929E-04 1.777E-04 1.548E-04 1.267E-04
 9.817E-05 8.662E-05 8.442E-05 9.572E-05 1.171E-04 1.126E-04 9.939E-05 7.975E-05
 1.017E-04 1.958E-04 2.206E-04 2.256E-04 2.076E-04 1.718E-04 1.225E-04 9.695E-05
 8.519E-05 9.985E-05 1.319E-04 1.327E-04 1.147E-04 8.425E-05 1.158E-04 2.206E-04
 2.514E-04 2.433E-04 2.084E-04 1.495E-04 1.147E-04 9.303E-05 1.034E-04 1.372E-04
 1.392E-04 1.217E-04 8.874E-05 1.209E-04 2.313E-04 2.460E-04 2.223E-04 1.722E-04
 1.385E-04 1.117E-04 1.104E-04 1.340E-04 1.310E-04 1.196E-04 9.518E-05 1.177E-04
 2.291E-04 2.186E-04 1.933E-04 1.699E-04 1.423E-04 1.234E-04 1.270E-04 1.128E-04
 1.111E-04 1.043E-04 1.099E-04 2.203E-04 2.060E-04 2.020E-04 1.807E-04 1.441E-04
 1.212E-04 9.165E-05 9.809E-05 1.127E-04 1.025E-04 2.098E-04 2.105E-04 1.974E-04
 1.578E-04 1.235E-04 8.711E-05 9.200E-05 1.132E-04 1.030E-04 2.082E-04 1.971E-04
 1.693E-04 1.362E-04 1.004E-04 9.320E-05 1.065E-04 1.122E-04 2.168E-04 1.713E-04
 1.582E-04 1.359E-04 1.113E-04 9.852E-05 1.277E-04 2.391E-04 2.109E-04 1.782E-04
 1.506E-04 1.170E-04 1.482E-04 2.883E-04 1.976E-04 1.792E-04 1.272E-04 1.216E-04
 2.721E-04 2.398E-04 1.774E-04 8.305E-05 2.567E-04 5.424E-04 5.983E-05 2.133E-04
 2.392E-03 3.615E-04 3.265E-03 3.405E-03 6.709E-05 1.402E-03 7.795E-03 3.011E-03
 1.072E-02 4.856E-04 4.471E-03 1.362E-04 2.526E-03 2.556E-03 7.909E-03 2.718E-03
 7.194E-03 5.452E-03 9.881E-03 7.826E-03 1.668E-02 6.252E-03 7.956E-04 2.891E-02
 3.673E-03 3.123E-02 3.524E-02 4.036E-02 3.181E-02 1.366E-02 3.640E-05 1.725E-05
 1.669E-05 1.696E-05 1.698E-05 1.693E-05 1.620E-05 1.547E-05 1.565E-05 1.516E-05
 1.472E-05 1.540E-05 1.660E-05 1.658E-05 1.719E-05 1.911E-05 1.936E-05 2.011E-05
 2.073E-05 1.860E-05 1.764E-05 1.677E-05 1.509E-05 1.470E-05 1.485E-05 1.726E-05
 1.363E-05 1.146E-05 1.115E-05 1.045E-05 1.015E-05 1.327E-05 1.287E-05 1.182E-05
 1.207E-05 1.226E-05 1.277E-05 1.225E-05 1.132E-05 1.052E-05 5.997E-03 1.446E-04
 1.958E-05 1.908E-05 1.909E-05 1.875E-05 1.876E-05 1.838E-05 1.767E-05 1.681E-05
 1.678E-05 1.754E-05 1.786E-05 1.834E-05 1.704E-05 1.613E-05 1.664E-05 1.649E-05
 1.689E-05 1.709E-05 1.604E-05 1.535E-05 1.463E-05 1.319E-05 1.287E-05 1.264E-05
 1.367E-05 1.130E-05 9.888E-06 9.664E-06 9.081E-06 8.813E-06 1.138E-05 1.084E-05
 1.018E-05 1.021E-05 1.019E-05 1.048E-05 9.961E-06 9.185E-06 8.484E-06 8.524E-06
 1.371E-04 2.639E-05 2.176E-05 2.167E-05 2.129E-05 2.131E-05 2.124E-05 2.064E-05
 1.872E-05 1.909E-05 2.098E-05 2.109E-05 2.104E-05 1.811E-05 1.586E-05 1.518E-05
 1.469E-05 1.467E-05 1.458E-05 1.426E-05 1.367E-05 1.306E-05 1.183E-05 1.164E-05
 1.111E-05 1.107E-05 9.634E-06 8.778E-06 8.652E-06 8.108E-06 7.861E-06 1.005E-05
 9.492E-06 9.037E-06 8.911E-06 8.743E-06 8.878E-06 8.375E-06 7.699E-06 7.036E-06
 7.106E-06 3.066E-05 2.465E-05 2.264E-05 2.251E-05 2.248E-05 2.250E-05 2.199E-05
 1.977E-05 2.020E-05 2.234E-05 2.252E-05 2.247E-05 1.879E-05 1.636E-05 1.555E-05
 1.501E-05 1.480E-05 1.476E-05 1.435E-05 1.364E-05 1.303E-05 1.185E-05 1.173E-05
 1.120E-05 1.113E-05 9.674E-06 8.816E-06 8.729E-06 8.134E-06 7.880E-06 1.009E-05
 9.625E-06 9.095E-06 8.959E-06 8.812E-06 8.950E-06 8.473E-06 7.785E-06 7.090E-06
 7.160E-06 2.776E-05 2.328E-05 2.248E-05 2.245E-05 2.247E-05 2.196E-05 1.974E-05
 2.017E-05 2.231E-05 2.250E-05 2.245E-05 1.873E-05 1.629E-05 1.549E-05 1.495E-05
 1.475E-05 1.472E-05 1.431E-05 1.361E-05 1.299E-05 1.182E-05 1.170E-05 1.118E-05
 1.111E-05 9.654E-06 8.798E-06 8.708E-06 8.115E-06 7.861E-06 1.006E-05 9.599E-06
 9.072E-06 8.935E-06 8.787E-06 8.925E-06 8.449E-06 7.763E-06 7.070E-06 7.140E-06
 2.830E-05 2.299E-05 2.249E-05 2.251E-05 2.201E-05 1.978E-05 2.021E-05 2.235E-05
 2.254E-05 2.249E-05 1.877E-05 1.632E-05 1.552E-05 1.498E-05 1.477E-05 1.474E-05
 1.433E-05 1.362E-05 1.301E-05 1.184E-05 1.171E-05 1.119E-05 1.112E-05 9.658E-06
 8.801E-06 8.714E-06 8.119E-06 7.865E-06 1.007E-05 9.611E-06 9.079E-06 8.943E-06
 8.798E-06 8.935E-06 8.460E-06 7.773E-06 7.077E-06 7.148E-06 2.752E-05 2.776E-05
 2.644E-05 2.194E-05 1.975E-05 2.017E-05 2.227E-05 2.243E-05 2.238E-05 1.886E-05
 1.648E-05 1.566E-05 1.511E-05 1.493E-05 1.488E-05 1.445E-05 1.377E-05 1.312E-05
 1.194E-05 1.181E-05 1.128E-05 1.120E-05 9.731E-06 8.864E-06 8.779E-06 8.182E-06
 7.927E-06 1.015E-05 9.682E-06 9.153E-06 9.022E-06 8.879E-06 9.019E-06 8.539E-06
 7.844E-06 7.140E-06 7.211E-06 2.988E-05 2.802E-05 2.191E-05 1.974E-05 2.015E-05
 2.224E-05 2.240E-05 2.235E-05 1.887E-05 1.651E-05 1.569E-05 1.513E-05 1.497E-05
 1.491E-05 1.448E-05 1.381E-05 1.317E-05 1.198E-05 1.185E-05 1.132E-05 1.123E-05
 9.760E-06 8.890E-06 8.802E-06 8.206E-06 7.950E-06 1.018E-05 9.704E-06 9.179E-06
 9.048E-06 8.905E-06 9.044E-06 8.563E-06 7.865E-06 7.159E-06 7.230E-06 2.732E-05
 2.323E-05 1.975E-05 2.016E-05 2.226E-05 2.243E-05 2.237E-05 1.888E-05 1.652E-05
 1.495E-05 1.379E-05 1.315E-05 1.196E-05 1.184E-05 1.131E-05 9.754E-06 8.885E-06
 8.799E-06 8.201E-06 7.946E-06 1.017E-05 9.174E-06 9.043E-06 8.900E-06 9.040E-06
 8.561E-06 7.863E-06 7.158E-06 7.229E-06 2.674E-05 2.072E-05 1.989E-05 2.181E-05
 2.196E-05 2.191E-05 1.865E-05 1.641E-05 1.560E-05 1.506E-05 1.484E-05 1.482E-05
 1.439E-05 1.367E-05 1.305E-05 1.188E-05 1.176E-05 1.123E-05 1.115E-05 9.687E-06
 8.832E-06 8.751E-06 8.161E-06 7.920E-06 1.013E-05 9.995E-06 9.141E-06 8.996E-06
 8.861E-06 9.005E-06 8.532E-06 7.829E-06 7.124E-06 7.193E-06 2.533E-05 2.435E-05
 1.970E-05 1.979E-05 1.974E-05 1.724E-05 1.533E-05 1.456E-05 1.403E-05 1.384E-05
 1.382E-05 1.345E-05 1.279E-05 1.220E-05 1.113E-05 1.103E-05 1.054E-05 1.045E-05
 9.059E-06 8.251E-06 8.178E-06 7.607E-06 7.350E-06 9.439E-06 9.120E-06 8.531E-06
 8.430E-06 8.304E-06 8.415E-06 7.963E-06 7.315E-06 6.661E-06 6.725E-06 2.461E-05
 2.169E-05 2.025E-05 2.017E-05 1.755E-05 1.557E-05 1.477E-05 1.423E-05 1.404E-05
 1.403E-05 1.365E-05 1.297E-05 1.237E-05 1.128E-05 1.120E-05 1.069E-05 1.061E-05
 9.192E-06 8.368E-06 8.294E-06 7.712E-06 7.447E-06 9.563E-06 9.092E-06 8.638E-06
 8.539E-06 8.408E-06 8.522E-06 8.065E-06 7.412E-06 6.749E-06 6.816E-06 2.650E-05
 2.321E-05 2.227E-05 1.901E-05 1.674E-05 1.589E-05 1.534E-05 1.510E-05 1.509E-05
 1.466E-05 1.392E-05 1.329E-05 1.211E-05 1.200E-05 1.146E-05 1.138E-05 9.874E-06
 8.991E-06 8.909E-06 8.294E-06 8.031E-06 1.028E-05 9.777E-06 9.267E-06 9.137E-06
 8.992E-06 9.135E-06 8.653E-06 7.951E-06 7.236E-06 7.308E-06 2.570E-05 2.284E-05
 1.903E-05 1.671E-05 1.587E-05 1.532E-05 1.509E-05 1.507E-05 1.462E-05 1.389E-05
 1.326E-05 1.208E-05 1.198E-05 1.144E-05 1.136E-05 9.866E-06 8.987E-06 8.906E-06
 8.291E-06 8.029E-06 9.783E-06 9.268E-06 9.129E-06 8.983E-06 9.124E-06 8.643E-06
 7.942E-06 7.228E-06 7.300E-06
   -1   -1   -1   -1   -1   -1   -1   -1   -1   -1   -1   -1   -1   -1   -1   -1
   -1   -1   -1   -1   -1  -14   -1   -1   -1   -1   -1   -1   -1   -1   -1   -1
   -1   -1   -1   -1   -1   -1   -1   -1   -1   -1   -1   -1   -1   -1   -1   -1
   -1   -1   -1   -1   -1   -1   -1   -1   -1   -1   -1   -1   -1   -1   -1   -1
   -1   22   -1   -1   -1   -1   -1   -1   -1   -1   -1   -1   -1   -1   -1   -1
   -1   -1   -1   -1   -1   -1   79   -1   -1   -1   -1   -1   -1   -1   -1   -1
   -1   -1   -1   -1   -1   -1   -1   -1   -1   -1   79   -1   -1   -1   -1   -1
   -1   -1   -1   -1   -1   -1   -1   -1   -1   -1   -1   -1   -1   79   -1   -1
   -1   -1   -1   -1   -1   -1   -1   -1   -1   -1   -1   -1   -1   -1   -1   79
   -1   -1   -1   -1   -1   -1   -1   -1   -1   -1   -1   -1   -1   -1   -1   -1
   79   -1   -1   -1   -1   -1   -1   -1   -1   -1   -1   -1   -1   -1   -1   -1
   79   -1   -1   -1   -1   -1   -1   -1   -1   -1   -1   -1   -1   -1   -1   79
   -1   -1   -1   -1   -1   -1   -1   -1   -1   -1   -1   -1   -1   79   -1   -1
   -1   -1   -1   -1   -1   -1   -1   -1   -1   -1   79   -1   -1   -1   -1   -1
   -1   -1   -1   -1   -1   -1   79   -1   -1   -1   -1   -1   -1   -1   -1   -1
   -1   79   -1   -1   -1   -1   -1   -1   -1   -1   -1   79   -1   -1   -1   -1
   -1   -1   -1   -1   79   -1   -1   -1   -1   -1   -1   -1   79   -1   -1   -1
   -1   -1   -1   79   -1   -1   -1   -1   -1   79   -1   -1   -1   -1   79   -1
   -1   -1   79   -1   -1   79   -1   79   -1   -1   77   -1   77   -1   -1   75
   -1   -1   74   -1   -1   73   -1   -1   72   -1   -1   71   -1   -1   70   -1
   -1   69   -1   -1   -1   67   -1   -1   67   -1   -2   65   -2  131   -1   -1
   -1   -1   -1   -1   -1   -1   -1   -1   -1   -1   -1   -1   -1   -1   -1   -1
   -1   -1   -1   -1   -1   -1   -1   -1   -1   -1   -1   -1   -1   -1   -1   -1
   -1   -1   -1   -1   -1   -1   -1   -2   22   -1   -1   -1   -1   -1   -1   -1
   -1   -1   -1   -1   -1   -1   -1   -1   -1   -1   -1   -1   -1   -1   -1   -1
   -1   -1   -1   -1   -1   -1   -1   -1   -1   -1   -1   -1   -1   -1   -1   -1
   -1   -1   -1   22   -1   -1   -1   -1   -1   -1   -1   -1   -1   -1   -1   -1
   -1   -1   -1   -1   -1   -1   -1   -1   -1   -1   -1   -1   -1   -1   -1   -1
   -1   -1   -1   -1   -1   -1   -1   -1   -1   -1   -1   -1   -1   22   -1   -1
   -1   -1   -1   -1   -1   -1   -1   -1   -1   -1   -1   -1   -1   -1   -1   -1
   -1   -1   -1   -1   -1   -1   -1   -1   -1   -1   -1   -1   -1   -1   -1   -1
   -1   -1   -1   -1   -1   -1   22   -1   -1   -1   -1   -1   -1   -1   -1   -1
   -1   -1   -1   -1   -1   -1   -1   -1   -1   -1   -1   -1   -1   -1   -1   -1
   -1   -1   -1   -1   -1   -1   -1   -1   -1   -1   -1   -1   -1   -1   22   -1
   -1   -1   -1   -1   -1   -1   -1   -1   -1   -1   -1   -1   -1   -1   -1   -1
   -1   -1   -1   -1   -1   -1   -1   -1   -1   -1   -1   -1   -1   -1   -1   -1
   -1   -1   -1   -1   -1   22   -1   -1   -1   -1   -1   -1   -1   -1   -1   -1
   -1   -1   -1   -1   -1   -1   -1   -1   -1   -1   -1   -1   -1   -1   -1   -1
   -1   -1   -1   -1   -1   -1   -1   -1   -1   -1   -1   22   -1   -1   -1   -1
   -1   -1   -1   -1   -1   -1   -1   -1   -1   -1   -1   -1   -1   -1   -1   -1
   -1   -1   -1   -1   -1   -1   -1   -1   -1   -1   -1   -1   -1   -1   -1   -1
   22   -1   -1   -1   -1   -1   -1   -1   -1   -1    2   -1    2   -1   -1   -1
   -1   -1    1   -1   -1   -1   -1   -1   -1    1   -1   -1   -1   -1   -1   -1
   -1   -1   22   -1   -1   -1   -1   -1   -1   -1   -1   -1   -1   -1   -1   -1
   -1   -1   -1   -1   -1   -1   -1   -1   -1   -1   -1   -1   -1   -1   -1   -1
   -1   -1   -1   -1   -1   22   -1   -1   -1   -1   -1   -1   -1   -1   -1   -1
   -1   -1   -1   -1   -1   -1   -1   -1   -1   -1   -1   -1   -1   -1   -1   -1
   -1   -1   -1   -1   -1   -1   -1   22   -1   -1   -1   -1   -1   -1   -1   -1
   -1   -1   -1   -1   -1   -1   -1   -1   -1   -1   -1   -1   -1   -1   -1   -1
   -1   -1   -1   -1   -1   -1   -1   -1   22   -1   -1   -1   -1   -1   -1   -1
   -1   -1   -1   -1   -1   -1   -1   -1   -1   -1   -1   -1   -1   -1   -1   -1
   -1   -1   -1   -1   -1   -1   -1   -1   22   -1   -1   -1   -1   -1   -1   -1
   -1   -1   -1   -1   -1   -1   -1   -1   -1   -1   -1   -1   -1    1   -1   -1
   -1   -1   -1   -1   -1   -1   -1   22
3 ---------------------------------- 7925 102 7925 102 642 10 693  5   0 100   0
 2.485E-05 2.049E-05 1.679E-05 1.594E-05 1.542E-05 1.516E-05 1.515E-05 1.472E-05
 1.395E-05 1.334E-05 1.214E-05 1.203E-05 1.151E-05 1.144E-05 9.940E-06 9.060E-06
 8.976E-06 8.354E-06 8.094E-06 1.035E-05 9.845E-06 9.341E-06 9.191E-06 9.041E-06
 9.182E-06 8.697E-06 7.988E-06 7.270E-06 7.341E-06 5.884E-05 2.905E-05 2.056E-05
 1.939E-05 1.890E-05 1.902E-05 1.821E-05 1.699E-05 1.638E-05 1.501E-05 1.499E-05
 1.449E-05 1.451E-05 1.274E-05 1.173E-05 1.165E-05 1.085E-05 1.048E-05 1.351E-05
 1.273E-05 1.202E-05 1.196E-05 1.187E-05 1.207E-05 1.145E-05 1.031E-05 9.328E-06
 9.392E-06 6.961E-05 2.904E-05 2.250E-05 2.226E-05 2.291E-05 2.205E-05 2.023E-05
 1.926E-05 1.820E-05 1.818E-05 1.729E-05 1.715E-05 1.521E-05 1.419E-05 1.441E-05
 1.330E-05 1.265E-05 1.735E-05 1.495E-05 1.440E-05 1.453E-05 1.451E-05 1.467E-05
 1.385E-05 1.270E-05 1.165E-05 1.177E-05 7.411E-05 3.503E-05 2.346E-05 2.420E-05
 2.293E-05 2.111E-05 2.017E-05 1.893E-05 1.873E-05 1.787E-05 1.819E-05 1.669E-05
 1.510E-05 1.504E-05 1.410E-05 1.365E-05 1.717E-05 1.471E-05 1.579E-05 1.551E-05
 1.526E-05 1.547E-05 1.457E-05 1.358E-05 1.241E-05 1.255E-05 1.139E-04 4.330E-05
 2.667E-05 2.476E-05 2.216E-05 2.173E-05 2.005E-05 1.973E-05 1.903E-05 1.917E-05
 1.744E-05 1.622E-05 1.665E-05 1.529E-05 1.483E-05 1.915E-05 1.601E-05 1.750E-05
 1.690E-05 1.644E-05 1.671E-05 1.580E-05 1.477E-05 1.348E-05 1.367E-05 7.620E-05
 4.684E-05 2.700E-05 2.375E-05 2.238E-05 2.071E-05 2.033E-05 1.905E-05 1.756E-05
 1.621E-05 1.622E-05 1.534E-05 1.490E-05 1.968E-05 1.644E-05 1.757E-05 1.764E-05
 1.748E-05 1.806E-05 1.715E-05 1.627E-05 1.489E-05 1.531E-05 8.144E-05 4.656E-05
 2.718E-05 2.201E-05 2.159E-05 2.135E-05 1.995E-05 1.973E-05 1.795E-05 1.643E-05
 1.638E-05 1.549E-05 1.497E-05 1.963E-05 1.591E-05 1.728E-05 1.714E-05 1.692E-05
 1.732E-05 1.638E-05 1.541E-05 1.405E-05 1.431E-05 9.227E-05 4.659E-05 3.097E-05
 2.251E-05 2.217E-05 2.034E-05 2.001E-05 1.857E-05 1.733E-05 1.775E-05 1.662E-05
 1.585E-05 2.228E-05 1.675E-05 1.821E-05 1.825E-05 1.795E-05 1.814E-05 1.710E-05
 1.631E-05 1.499E-05 1.533E-05 8.622E-05 5.271E-05 2.811E-05 2.063E-05 2.055E-05
 2.023E-05 1.864E-05 1.759E-05 1.733E-05 1.651E-05 1.592E-05 2.105E-05 1.741E-05
 1.847E-05 1.944E-05 1.917E-05 1.940E-05 1.841E-05 1.771E-05 1.640E-05 1.701E-05
 7.566E-05 4.266E-05 2.531E-05 1.960E-05 2.118E-05 1.934E-05 1.855E-05 1.824E-05
 1.729E-05 1.668E-05 1.963E-05 1.748E-05 1.947E-05 1.848E-05 1.833E-05 1.735E-05
 1.618E-05 1.474E-05 1.493E-05 6.972E-05 4.611E-05 2.673E-05 2.096E-05 1.984E-05
 1.951E-05 1.892E-05 1.813E-05 1.763E-05 2.123E-05 1.902E-05 1.899E-05 1.931E-05
 1.892E-05 1.944E-05 1.862E-05 1.732E-05 1.558E-05 1.565E-05 7.658E-05 4.711E-05
 2.977E-05 2.240E-05 2.072E-05 1.979E-05 1.862E-05 1.800E-05 2.251E-05 1.922E-05
 1.990E-05 2.017E-05 1.981E-05 2.017E-05 1.932E-05 1.818E-05 1.646E-05 1.649E-05
 7.304E-05 5.376E-05 3.102E-05 2.218E-05 2.036E-05 1.852E-05 1.767E-05 2.093E-05
 1.943E-05 1.960E-05 2.022E-05 2.005E-05 2.034E-05 1.961E-05 1.826E-05 1.687E-05
 1.663E-05 8.628E-05 5.058E-05 2.883E-05 2.143E-05 1.813E-05 1.848E-05 2.039E-05
 1.961E-05 1.981E-05 2.006E-05 2.020E-05 2.100E-05 2.038E-05 1.895E-05 1.744E-05
 1.701E-05 1.244E-04 6.365E-05 3.971E-05 2.387E-05 2.038E-05 2.195E-05 1.917E-05
 2.187E-05 2.132E-05 2.041E-05 2.091E-05 2.000E-05 1.912E-05 1.772E-05 1.716E-05
 1.047E-04 6.955E-05 4.982E-05 2.746E-05 2.201E-05 2.065E-05 2.235E-05 2.244E-05
 2.096E-05 2.127E-05 2.039E-05 1.911E-05 1.780E-05 1.657E-05 1.019E-04 6.360E-05
 3.549E-05 2.869E-05 1.674E-05 2.184E-05 2.156E-05 2.082E-05 2.108E-05 2.033E-05
 1.904E-05 1.792E-05 1.686E-05 1.342E-04 6.409E-05 4.034E-05 2.381E-05 2.136E-05
 2.209E-05 2.081E-05 2.113E-05 2.036E-05 1.780E-05 1.652E-05 9.612E-05 6.318E-05
 3.537E-05 2.299E-05 2.147E-05 2.072E-05 2.129E-05 2.050E-05 1.920E-05 1.796E-05
 1.642E-05 2.182E-04 7.584E-05 3.449E-05 2.633E-05 2.703E-05 3.009E-05 2.958E-05
 2.860E-05 2.590E-05 2.629E-05 2.571E-04 4.831E-05 2.844E-05 3.227E-05 3.367E-05
 3.366E-05 2.863E-05 2.631E-05 2.607E-05 1.119E-04 5.913E-05 3.469E-05 2.817E-05
 2.646E-05 2.520E-05 2.388E-05 2.298E-05 1.399E-04 1.091E-04 4.732E-05 3.289E-05
 2.853E-05 2.761E-05 2.836E-05 1.724E-04 1.181E-04 6.295E-05 3.929E-05 3.676E-05
 3.607E-05 2.148E-04 1.768E-04 6.941E-05 4.679E-05 4.245E-05 2.326E-04 1.360E-04
 6.254E-05 5.007E-05 2.398E-04 1.075E-04 8.620E-05 3.138E-04 1.685E-04 3.190E-04
 2.579E-04 3.077E-04 3.094E-04 2.975E-04 2.603E-04 1.822E-04 1.828E-04 1.838E-04
 3.383E-04 7.347E-05 3.452E-05 1.167E-04 8.808E-05-1.181E-05-2.604E-05 2.250E-05
 3.846E-05 6.606E-06-2.063E-05-1.275E-05 4.470E-04 5.238E-04 5.560E-04 5.756E-04
 5.006E-04 4.408E-04 3.511E-04 3.876E-04 2.009E-04 1.275E-04 1.088E-04 2.384E-04
 1.546E-04 4.162E-05 1.678E-05 6.748E-05 1.100E-04 1.163E-04 1.066E-04 6.933E-04
 7.911E-04 9.153E-04 9.332E-04 8.198E-04 6.496E-04 3.866E-04 3.803E-04 2.567E-04
 5.420E-05 3.611E-04 3.750E-04 1.712E-04 2.255E-05 8.542E-05 2.297E-04 3.031E-04
 2.843E-04 9.399E-04 1.151E-03 1.274E-03 1.141E-03 9.406E-04 4.104E-04 5.119E-04
 3.461E-04 1.343E-05 4.092E-04 5.105E-04 2.689E-04 3.570E-05 9.135E-05 2.967E-04
 4.195E-04 4.030E-04 1.519E-03 1.865E-03 1.725E-03 1.515E-03 4.828E-04 7.272E-04
 4.851E-04-5.427E-05 4.307E-04 6.967E-04 4.322E-04 6.940E-05 9.122E-05 3.780E-04
 5.823E-04 5.813E-04 2.744E-03 2.827E-03 2.950E-03 1.236E-03 9.142E-04 5.125E-04
 2.181E-05 1.565E-04 5.545E-04 5.023E-04 1.645E-04 5.794E-05 2.598E-04 4.855E-04
 5.591E-04 3.209E-03 3.783E-03 2.456E-03 9.103E-04 3.689E-04 3.250E-04 9.723E-05
 2.655E-04 3.393E-04 2.034E-04 8.188E-05 1.270E-04 2.574E-04 3.614E-04 5.033E-03
 4.285E-03 9.045E-04 1.534E-04 7.799E-04 8.242E-06-1.680E-04 9.487E-05 2.617E-04
 1.178E-04-7.214E-05-8.494E-05 6.494E-05 8.837E-03 3.972E-03 2.421E-03 2.539E-03
 3.087E-03 2.128E-03 1.259E-03 9.435E-04 1.078E-03 1.364E-03 1.678E-03 2.019E-03
 1.253E-02 1.300E-02 9.017E-03 7.135E-03 6.877E-03 5.600E-03 3.748E-03 3.060E-03
 4.019E-03 5.701E-03 7.270E-03 1.515E-02 1.288E-02 9.799E-03 8.439E-03 6.337E-03
 4.159E-03 3.617E-03 4.876E-03 6.795E-03 8.509E-03 1.571E-02 1.199E-02 8.404E-03
 5.153E-03 3.287E-03 3.445E-03 4.830E-03 6.383E-03 7.656E-03 1.400E-02 1.206E-02
 7.481E-03 3.539E-03 3.120E-03 5.243E-03 7.523E-03 8.910E-03 1.270E-02 9.507E-03
 4.951E-03 2.978E-03 4.209E-03 6.555E-03 8.480E-03 8.886E-03 5.689E-03 2.890E-03
 2.498E-03 3.868E-03 5.703E-03 4.746E-03 2.947E-03 1.971E-03 2.176E-03 3.062E-03
 3.189E-03 3.347E-03 3.464E-03 3.512E-03 5.346E-03 6.360E-03 6.544E-03 9.007E-03
 9.834E-03 1.278E-02
   -1   -1   -1   -1   -1   -1   -1   -1   -1   -1   -1   -1   -1   -1   -1   -1
   -1   -1   -1   -1   -1   -1   -1   -1   -1   -1   -1   -1   -1   22   -1   -1
   -1   -1   -1   -1   -1   -1   -1   -1   -1   -1   -1   -1   -1   -1   -1   -1
   -1   -1   -1   -1   -1   -1   -1   -1   -1   -1   22   -1   -1   -1   -1   -1
   -1   -1   -1   -1   -1   -1   -1   -1   -1   -1   -1   -1   -1   -1   -1   -1
   -1   -1   -1   -1   -1   -1   22   -1   -1   -1   -1   -1   -1   -1   -1   -1
   -1   -1   -1   -1   -1   -1   -1   -1   -1   -1   -1   -1   -1   -1   -1   -1
   -1   22   -1   -1   -1   -1   -1   -1   -1   -1   -1   -1   -1   -1   -1   -1
   -1   -1   -1   -1   -1   -1   -1   -1   -1   -1   -1   22   -1   -1   -1   -1
   -1   -1   -1   -2   -1   -1   -1   -1   -1   -1   -1   -1   -1   -1   -1   -1
   -1   -1   -1   22   -1   -1   -1   -1   -1   -1   -1   -1   -1   -1   -1   -1
   -1   -1   -1   -1   -1   -1   -1   -1   -1   -1   -1   22   -1   -1   -1   -1
   -1   -1   -1   -1   -1   -1   -1   -1   -1   -1   -1   -1   -1   -1   -1   -1
   -1   -1   22   -1   -1   -1   -1   -1   -1   -1   -1   -1   -1   -1   -1   -1
   -1   -1   -1   -1   -1   -1   -1   -1   22   -1   -1   -1   -1   -1   -1   -1
   -1   -1   -1   -1   -1    1   -1   -1   -1   -1   -1   -1   -1   22   -1   -1
   -1   -1   -1   -1   -1   -1   -1   -1   -1   -1   -1   -1   -1   -1   -1   -1
   -1   22   -1   -1   -1   -1   -1   -1   -1   -1   -1   -1   -1   -1   -1   -1
   -1   -1   -1   -1   22   -1   -1   -1   -1   -1   -1   -1   -1   -1   -1   -1
   -1   -1   -1   -1   -1   -1   22   -1   -1   -1   -1   -1   -1   -1   -1   -1
   -1   -1   -1   -1   -1   -1   -1   22   -1   -1   -1   -1   -1   -1   -1   -1
   -1   -1   -1   -1   -1   -1   -1   22   -1   -1   -1   -1   -1   -1   -1   -1
   -1   -1   -1   -1   -1   -1   22   -1   -1   -1   -1   -1   -1   -1   -1   -1
   -1   -1   -1   -1   22   -1   -1   -1   -1   -1   -1   -1   -1   -1    1   -1
   -1   22   -1   -1   -1   -1   -1   -1   -1   -1   -1   -1   -1   22   -1   -1
   -1   -1   -1   -1   -1   -1   -1   -1   22   -1   -1   -1   -1   -1   -1   -1
   -1   -1   22   -1   -1   -1   -1   -1   -1   -1   -1   22   -1   -1   -1   -1
   -1   -1   -1   22   -1   -1   -1   -1   -1   -1   22   -1   -1   -1   -1   -1
   22   -1   -1   -1   -1   22   -1   -1   -1   22   -1   -1   22   -1   22   -1
   -1   -1   -1   -1   -1   -1   -1   -1   -1   -1   -1   -1   -1   -1   -1   -1
   -1   -1   -1    2   -1   -1   -1   -1   -1   -1   -1   -1   -1   -1   -1   -1
   -1   -1   -1   -1   -1   -1   -1    2   -1   -1   -1   -1   -1   -1   -1   -1
   -1   -1   -1   -1   -1   -1   -1   -1   -1   -1    2   -1   -1   -1   -1   -1
   -1   -1   -1   -1   -1   -1   -1   -1   -1   -1   -1   -1    2   -1   -1   -1
   -1   -1   -1   -1   -1   -1   -1   -1   -1   -1   -1   -1   -1    2   -1   -1
   -1   -1   -1   -1   -1   -1   -1   -1   -1   -1   -1   -1   -1    2   -1   -1
   -1   -1   -1   -1   -1   -1   -1   -1   -1   -1   -1   -1    2   -1   -1   -1
   -1   -1   -1   -1   -1   -1   -1   -1   -1   -1    2   -1   -1   -1   -1   -1
   -1   -1   -1   -1   -1   -1   -1    2   -1   -1   -1   -1   -1   -1   -1   -1
   -1   -1   -1    2   -1   -1   -1   -1   -1   -1   -1   -1   -1   -1    2   -1
   -1   -1   -1   -1   -1   -1   -1   -1    2   -1   -1   -1   -1   -1   -1   -1
   -1    2   -1   -1   -1   -1   -1   -1   -1    2   -1   -1   -1   -1   -1   -1
    2   -1   -1   -1   -1   -1    2   -1   -1   -1   -1    2   -1   -1   -1    2
   -1   -1    2   -1    5
